%sf=10;
l1=[1 0 0; 0 1 0; 0 0 1];
l2=[1 0 0; 0 1 0; 0 0 1];
l3=[1 0 0; 0 1 0; 0 0 1];

%NO TOUCHY K2!!
K2=[1 0 0; 0 1 0; 0 0 1];

